2971
783
590
1263
3306
127
247
2958
950
3015
1497
2129
2182
1796
3479
1609
2168
1337
3372
2541
1913
538
1961
1276
3597
249
76
716
2881
41
2146
1570
3391
1249
2060
2504
4071
925
3071
4066
2792
2297
3808
3118
45
2332
1238
1767
2354
212
2017
574
785
1120
4090
225
62
3221
3977
2865
1728
1411
2755
2132
3110
3456
2800
1545
1870
1711
701
1941
2356
3031
2633
3459
3898
3357
3025
2779
113
1395
1253
1017
3230
3428
661
4174
3766
2542
837
920
1512
2420
3690
247
3277
3749
3824
1524
1607
2127
3988
1821
3985
3034
2906
1808
2110
2597
1991
3962
1259
1800
3913
725
3112
722
1079
2025
2424
410
3088
242
3880
691
2629
849
1855
2725
3772
387
1906
4126
2434
568
1742
4057
2818
631
789
291
258
1532
822
1536
264
2437
524
3589
460
866
3481
2561
1077
3600
1811
2109
891
2971
4103
1336
1403
2735
1684
3468
1981
1684
1218
2019
2862
1613
2975
3216
2197
2354
2071
3475
1600
1040
2280
630
3812
2256
3063
4099
125
2235
3816
3327
1669
2837
3334
4004
3378
2107
3437
1808
2533
2352
1639
2819
206
3313
2687
2397
3420
267
1648
1606
1059
1947
129
2821
3126
1083
716
2172
1284
2862
2956
3987
3101
3118
1331
2925
3931
2507
805
2881
2944
1393
3038
3836
767
1784
4190
4057
1662
2333
1618
3064
1970
4182
581
1477
3051
3034
1530
1292
1153
2647
70
3291
1459
2999
596
4008
3370
619
2082
538
1044
2121
2823
2336
2854
360
490
3294
568
4007
3038
3960
3837
4131
1838
1939
1850
1122
2911
2384
1980
636
2250
2371
3014
2438
3932
175
3284
245
3828
1145
2585
1442
2552
140
1416
2227
4059
3121
3332
3835
801
2233
835
2536
3643
1266
1467
2791
1367
3573
108
2234
2967
184
1023
3181
626
1157
265
1361
2021
2348
1763
2037
1426
2448
1291
1081
1841
303
2887
2046
345
3641
1216
2933
2885
1865
930
387
2093
232
2397
1255
3952
434
4130
4170
168
934
4033
2167
65
1324
1986
2821
3654
3432
540
2719
789
1484
3918
2470
234
1563
655
2776
724
3819
1770
106
3683
894
3879
278
1226
444
1224
808
1816
966
3103
2971
940
2554
1806
2238
3501
56
140
2810
1893
2288
2137
1299
2861
4028
2731
2873
2613
921
578
3974
3243
3004
1388
2593
840
477
1032
872
3794
3772
3320
3003
2981
3982
3669
1252
926
1418
360
598
16
3569
408
3991
2027
2498
3965
2679
2093
3555
2985
76
2307
143
3393
3231
2904
778
2325
902
1733
371
1549
3345
3307
2526
4132
3780
1639
3710
2551
2358
305
1219
2099
1142
2086
733
2466
1757
817
3400
2279
2944
3421
3253
2151
3338
2226
1829
1565
3215
16
1469
339
3194
2785
1177
4059
478
2799
1993
4099
778
726
1144
1569
1782
3846
3239
548
2437
2787
257
3114
896
2929
3051
3680
264
97
1481
1028
1093
1935
3078
167
1159
3096
3606
3579
3526
466
565
4
1831
2588
2419
3931
812
2011
3487
1060
2895
3459
3875
3348
2454
4054
3507
689
3808
1952
3445
3708
116
2281
3218
167
2353
3005
827
932
2931
3468
1330
622
2773
3709
3860
2597
4
851
2910
3777
1998
2164
1299
1702
2946
1030
4128
2064
4112
1455
865
3748
1740
1796
1962
4092
4015
359
114
3956
2268
1140
886
3983
2871
2784
1059
3012
3713
3473
481
760
1329
4076
2950
2107
2010
2802
3001
3608
457
3335
3499
2289
431
1034
96
2851
1616
2283
3505
4151
1640
3952
2950
2421
4158
2526
387
727
1945
3895
506
4046
4021
265
1606
2317
3495
3621
2052
2211
4109
3950
2327
1360
4122
2713
121
2502
972
1204
1763
590
3871
621
3417
1544
2320
2004
2458
1538
2065
701
2127
1904
2277
1292
2041
3679
3643
3176
3416
1579
673
152
4014
298
827
3778
1123
4125
600
3701
4004
948
729
1299
2426
2714
3315
92
3267
1217
4143
493
3341
4059
175
2580
3890
767
3480
2547
1873
2080
1963
3606
2287
3388
3524
192
1369
3730
3177
443
1830
1919
3323
3151
1385
3543
1822
347
1968
1961
3448
1302
1252
692
1580
786
1124
2878
1413
2237
1797
173
1222
2929
3756
1613
1691
3438
3790
2690
1882
1370
1952
952
226
3448
1250
1522
1666
1371
1524
1775
499
3029
3780
3460
3935
3241
3614
2158
1255
2296
3653
442
129
2251
3421
740
3980
1795
497
2838
935
3640
1688
2528
3294
1102
1827
4032
1645
2546
587
3102
3805
259
2666
2388
2735
2646
3146
1240
72
1515
711
413
3958
2234
2427
916
2472
3163
2587
3787
646
1022
740
3809
1544
2615
4046
3378
661
2988
734
895
2406
3205
3690
2946
473
3733
2014
4153
2008
974
3938
1960
1040
3133
1738
3972
50
882
456
1295
47
894
3924
3827
2780
3314
2902
3201
2650
3734
696
597
2661
1413
45
1557
1015
40
1575
1033
1627
234
26
1950
2849
3554
1418
3798
2897
4105
772
112
265
1006
3466
200
3147
2146
2717
1272
1601
308
3257
1328
301
2996
2039
2743
2768
2194
155
1210
2571
2816
1921
317
2694
2607
4026
3438
1676
1740
3064
1249
2201
1617
633
1638
1474
3600
861
1504
3973
2717
2485
2908
2129
356
2477
3151
3951
400
2328
447
4064
879
3869
4053
2779
201
1739
2451
2278
1377
4062
1594
302
3989
1028
815
2267
2433
3488
1269
2908
2413
3118
1859
1729
1087
3237
1479
3866
583
3288
139
2163
3331
2551
2487
3494
2375
897
3869
3368
1464
1617
1046
2690
2221
3099
3495
149
588
4073
2552
2841
2784
683
3602
1738
480
162
763
1907
2231
2986
1765
2551
1122
2903
697
2359
1643
1546
3944
2309
3038
1942
539
3341
1586
4109
1636
2547
2222
2397
2527
2945
4144
3297
4003
2356
1188
3376
2064
4003
619
166
2298
3829
688
2040
3425
1682
382
3424
80
2128
